131982121	13183605
131758652	5568411
133951498	5137521
132007946	4707168
133899028	4302994
131753738	3821016
133942302	2996821
134158100	2833674
133776660	2610127
133900574	2555552
131574558	2329408
201222704	2224536
133732874	1946638
133871646	1843972
133709588	1611007
131533360	1258541
131667988	1251014
133726474	1184898
134013450	1155554
131674644	1150789
131524638	1130178
131512340	1072308
131637514	1063600
131685396	892518
133754644	892393
131699230	854813
131547422	851485
133759242	846009
133766164	783567
133903626	732944
131489546	635916
133908234	597688
131966238	581454
133860638	567514
134193438	553680
131536402	490753
134173204	391165
131554836	357784
131704094	353983
133808916	353417
133886484	348718
200180498	328910
131515422	328310
132029716	322039
131976249	319044
133698590	314204
131960350	313445
131957268	271728
134168852	262921
133808404	248114
133765140	247009
133709332	242609
133717012	232067
134000394	227988
134172692	224451
201223225	222341
131480084	218014
131510794	212330
133720842	210294
133964062	206239
133715230	202855
131547678	202400
131614226	197309
131996446	193397
131455774	190135
134207506	189771
131455764	189695
131438876	185559
132021002	182334
131957002	178215
133881630	177723
131716156	171501
134120468	171036
134049298	168295
131546890	163624
133833226	162688
131716904	161046
131745042	157313
133914142	152017
131703306	150918
131758386	149217
131436574	147319
133757726	143289
131514634	142510
131975452	142465
132001566	141066
131986708	140272
131967498	139900
133785098	138205
131972362	137934
201222714	137090
134052902	136898
131690762	136068
131638814	134554
131621130	133039
134053394	131721
131679006	131615
133583923	127218
131573790	126408
133857546	122150
133750046	122109
131695370	121962
133889547	121852
131740938	119759
133787146	118284
133994260	117987
131736084	115828
131515924	115214
131694622	114948
133887754	114874
134149386	113954
131513610	113818
134182932	111059
131736094	111046
131746090	110797
132014100	108501
132002570	107785
131982653	107351
133806356	105917
133964554	105483
131432478	105033
131701524	104469
131705118	104398
131523860	103776
131457802	103553
133827358	101495
131530800	98118
131696148	97219
133920020	96770
133828116	96489
133729802	95992
133766420	95871
133775134	95826
133761556	94205
133822484	92292
131667722	91787
133902100	91490
133923594	90505
131687454	87667
131444500	86928
133897492	84836
132011284	84367
134128414	81854
133849866	78775
131644436	77638
132014858	76318
133760020	73589
131716412	73549
133702922	72611
131688714	72184
131736074	70578
133583933	70396
133920778	69763
131517982	68800
131751454	68259
133781012	66615
133772308	66331
131982643	65603
200186642	65035
131755284	64476
133999892	63774
131438397	63452
131666708	62877
131698974	62538
133703956	61896
133955860	61702
131700500	61566
134111774	60606
131693834	60500
133697310	60406
131555614	59440
134212905	59274
131621396	59228
131697182	58768
134132500	57162
133697812	56992
134150174	54306
132018699	54071
131535408	52689
131516446	52632
131724574	52284
133812756	51973
131516682	51734
134141726	50098
134065170	49102
131551262	47739
131993907	46931
133907220	46877
133605689	46569
133997332	46260
131975220	46217
131709991	46104
134101770	45901
133723156	45730
131553566	44740
133738004	44039
131985193	43658
131699210	43397
133725972	43381
131702302	43176
131705098	42462
131957780	42420
133764618	41954
131477524	41574
131488276	41532
131583536	41502
131633674	40156
131699476	40046
131696650	39621
133829908	39310
131985213	38799
131535890	38771
133744660	38748
131449098	38582
131667998	38079
133715210	37487
133964052	36482
131490846	36396
131957012	35445
131638302	35358
131520276	35354
131735582	34945
133745162	34859
200183334	34836
131660298	34228
134114058	34213
134123028	34074
131532336	33618
133913118	33558
131637258	33555
133581865	33001
131512084	32968
133833502	32928
133961482	32819
131980564	32676
133754654	32662
134017034	32616
134089246	32540
133922334	32435
133795339	32411
133799444	32228
131718204	32116
133956116	32013
133972766	31580
131699486	31515
133719050	31449
131724318	31437
133885204	31402
132038194	31367
134126098	31270
133866506	31011
133758218	30854
131966228	30805
133803018	30784
134100756	30603
131635486	30244
133961236	30119
133801236	30110
134115358	30018
131527690	29874
131745062	29722
131459860	29457
133810954	29383
131548682	29206
133809172	29155
133858058	29096
133922580	29010
131656222	28937
133958410	28879
133934868	28690
134129674	28532
133782026	28412
131496970	28170
133861918	28156
134176020	28090
131541012	27881
133946132	27876
133699860	27618
133789972	27497
132040970	27369
131642644	27363
133786910	27038
133828126	26957
131552788	26921
134083090	26840
133607737	26636
133932318	26554
133928458	26508
133824542	26458
134046482	26453
133979422	26400
133789470	26395
133869087	26260
133859594	26175
131708682	25891
131714610	25821
133606201	25716
134149406	25658
133702666	25462
133831700	25410
133852426	25342
131551764	25133
131696906	25039
131701012	24951
131448340	24860
133839370	24763
133917972	24461
133712660	24394
131969341	24335
133920266	24045
131538698	24028
134122014	23723
131433492	23582
133861652	23517
134190356	23404
133814538	22881
131752222	22747
133722654	22631
133820180	22434
131974676	22348
131455498	22160
133743882	22130
134102794	22104
131445780	22030
133840660	22004
131516692	21953
131700234	21910
131534098	21833
131707914	21646
134029588	21469
131997204	21423
131514890	21407
131973426	21384
131694090	21147
131540234	21035
133762846	21033
131518228	20924
133848586	20806
131991050	20777
133940244	20757
131672842	20696
131691550	20692
131666954	20451
131698698	20431
131751198	20379
134116382	20367
133766154	20126
131697940	20017
133872670	19941
133762836	19781
131957790	19701
133736980	19664
132044298	19609
131962388	19589
131462205	19533
131678986	19506
200179914	19483
131448330	19424
131552798	19322
133754634	19246
134012170	19097
131957524	19089
133796895	19071
133968394	19053
131445790	19035
133741598	19029
133700372	18966
134060306	18893
133832468	18848
131702026	18695
131607316	18631
131747338	18610
131514388	18610
131667466	18556
131437629	18522
133583667	18327
131751444	18193
133737758	17937
131694346	17918
132046878	17896
133708298	17887
131985459	17790
131532592	17614
131505428	17602
133735434	17555
131729930	17395
131986975	17329
134184222	17320
131724308	17216
131462186	17120
134129428	16771
133787156	16740
131754014	16708
131960586	16657
134154506	16637
131622164	16529
131616530	16519
131492618	16206
133722644	16145
134038546	16134
133877258	16057
133730324	16019
131700766	15855
131460106	15854
131448852	15786
133863454	15768
131742986	15697
134137630	15573
133712148	15533
131750174	15476
131716402	15476
131993908	15392
134022666	15369
134095646	15356
131730452	15270
131477780	15160
131513364	15125
131541278	15010
131526154	14898
131998228	14893
131738378	14830
133979934	14793
134113310	14642
133816586	14577
133790494	14507
133847562	14503
133871636	14499
131663636	14457
133714698	14453
131757332	14403
131980318	14346
131515402	14337
134088212	14184
131689738	13971
131978772	13891
133760010	13871
133924894	13857
131640596	13739
131988254	13702
200151050	13684
131517460	13604
133862686	13432
200184358	13331
134199070	13288
131714344	13285
133921822	13260
134208789	13223
133606713	13151
131995924	13074
131999774	13030
133834506	12912
134124062	12887
131985970	12832
131553290	12800
133773854	12616
131570186	12605
133893898	12604
131755294	12593
131703060	12543
134103060	12518
133902868	12483
131489310	12483
133858078	12467
134001694	12372
131748874	12351
131693854	12221
134182676	12196
131692820	12182
131749898	12141
134016532	12091
133948180	12034
133885982	12007
133829918	11973
133828884	11955
131619594	11895
133851934	11864
133980426	11863
134157066	11834
131981588	11764
131724810	11741
131484958	11672
131734814	11647
133974292	11636
131694602	11636
131512606	11630
200188693	11618
131983410	11604
131676426	11575
131494942	11525
131523870	11474
131555850	11464
131458078	11416
131985715	11351
133697034	11349
133761300	11329
133863700	11313
134141962	11247
131996426	11232
133770516	11204
131440944	11187
131860766	11167
133848862	11153
200181707	11144
133803540	11141
133739294	11078
131981342	11057
133853470	11038
131454750	11037
134003230	10970
133968404	10871
134030346	10842
131748884	10767
133918750	10754
131520030	10688
133733898	10660
133907732	10643
131759636	10528
133899541	10522
131473702	10362
133743646	10295
133848094	10271
131758130	10127
131518730	10074
131987466	10067
134120202	10058
131664916	10015
133579837	9991
133756426	9988
131961886	9914
131524106	9865
131697172	9805
131543828	9789
133740318	9783
133857812	9782
133695242	9755
131737108	9750
200156948	9732
133964810	9704
134108948	9657
133857034	9642
131466547	9621
131530544	9597
131502602	9592
133822228	9582
132027402	9581
133822474	9529
131534866	9478
131459338	9357
132001556	9252
134196766	9211
134109214	9151
131577362	9113
131547146	9093
133920542	9086
133868042	9078
131454740	9055
133748510	9039
132007454	9013
200174367	8991
133741578	8956
134169118	8847
131734292	8841
133922324	8792
133846794	8741
132015626	8712
133739806	8705
133810462	8675
133981726	8646
131518238	8593
131433502	8587
133905930	8587
131756308	8562
133756702	8519
131993098	8516
131974174	8484
133909278	8441
134120714	8383
133834014	8372
131620126	8352
133967626	8348
131692810	8320
133944842	8312
133711114	8296
131978250	8288
131662868	8276
131631626	8272
131498506	8272
131759370	8272
133825802	8272
131675166	8272
133840404	8272
133755422	8268
131683348	8266
131539978	8252
131702036	8240
134040850	8232
133790740	8228
133909002	8204
133931284	8199
132027166	8152
132027422	8149
134103818	8136
131520286	8079
131632138	8067
131449620	8059
134169886	8032
134171914	7994
131741460	7988
131756830	7979
131459594	7970
131750686	7946
134155028	7943
133795851	7817
133810452	7730
131994938	7693
131709458	7618
133856286	7529
133805322	7515
133848330	7496
131984936	7462
134131230	7451
131632650	7417
131437875	7404
133824286	7399
134096916	7388
134017812	7302
131504906	7295
131435540	7287
134012702	7283
134022430	7225
131967252	7210
133607738	7203
134097930	7202
131565342	7194
134081298	7168
134155540	7136
133754378	7117
131488266	7085
133846538	7053
131964190	7034
134020894	6992
131963166	6989
131973416	6974
131502100	6968
131549716	6949
131740948	6931
131731722	6921
131741470	6894
134046738	6888
133825546	6880
134049554	6871
131749662	6870
133740308	6836
131455518	6834
200171540	6794
133744414	6782
132007710	6698
131460116	6683
133826078	6659
133856010	6553
133800714	6536
131737118	6466
131664138	6456
134085130	6406
131540746	6386
131702814	6383
131997962	6381
133766174	6371
134130698	6367
131464508	6351
132024350	6350
131665940	6349
133750282	6311
131965972	6303
131567134	6288
133797899	6260
132034590	6242
133937428	6194
131744786	6162
131716648	6148
134169374	6100
133921556	6087
134121758	6084
131758396	6056
131986216	6044
132033044	6037
134119700	6033
133699594	6028
134096394	6023
131720754	6012
131531824	6008
200169994	5994
131459614	5942
131988490	5930
133695262	5902
133809674	5888
132004372	5860
133729556	5854
133805588	5831
131672094	5818
133841182	5803
133733908	5777
133745950	5772
131689748	5749
133916426	5746
132033822	5716
131988500	5702
131962665	5691
131450142	5690
132021022	5659
133798421	5651
133894942	5643
132032286	5637
131567882	5627
134104350	5621
133734666	5610
133581117	5603
131649310	5594
133734686	5581
131751690	5579
131691540	5568
131992013	5567
133753354	5566
133607728	5548
133805578	5547
133608250	5537
134111754	5514
131733012	5486
133965844	5481
134152478	5461
200177438	5450
200188938	5440
131621150	5403
131755550	5394
131523850	5391
131661588	5385
131444244	5385
133968138	5360
131996692	5349
133874462	5339
133871134	5332
133836052	5328
131687710	5318
134192394	5305
134093342	5300
131972638	5284
134172702	5277
131659540	5268
133885726	5265
131704074	5262
131958548	5259
134191134	5257
131560233	5230
134105374	5222
133971466	5221
131438132	5220
131452170	5220
133829898	5218
131557683	5190
133900820	5181
131956746	5161
131963402	5144
200148510	5137
131620106	5106
132019978	5103
133934366	5096
131559465	5058
131694366	5042
131981844	5040
133747230	5034
133873428	5032
133732116	5018
131559977	5015
134000926	5015
132022282	5003
131992895	4999
133703690	4977
131983420	4976
131742996	4974
131997982	4969
200179218	4922
131741962	4914
131547658	4913
134020106	4913
133747998	4907
131550740	4877
131633418	4868
131465769	4840
131958292	4815
131734538	4808
131433246	4788
133973012	4728
131541790	4711
131698964	4708
133971998	4707
131518996	4660
133724958	4657
131750164	4644
131758376	4640
131746100	4626
132029962	4593
131538718	4575
133764874	4546
131700254	4530
133819658	4526
131631882	4451
131454730	4450
131959562	4449
131739146	4448
131457812	4432
200150814	4431
133729812	4366
133988884	4333
133929502	4322
133727498	4269
133918238	4268
131702804	4264
133778196	4260
133736458	4253
133914891	4241
134123796	4234
133712404	4214
133824266	4206
133853982	4195
131968276	4167
132045342	4150
133879582	4147
131696926	4138
133954058	4122
132046366	4104
131721768	4075
131559485	4065
131490334	4044
131603240	4040
133707294	4038
131437610	4038
133996042	4022
131748116	4016
133881108	4011
131731732	4007
131614738	3996
131554334	3981
134178314	3964
131562014	3962
133949982	3928
134013972	3922
134074634	3921
133747978	3920
133948702	3908
134026270	3907
133751316	3903
131681802	3891
134088724	3857
133968158	3856
131514644	3855
132047646	3841
133742110	3830
134131220	3825
131452180	3819
134153738	3819
131750410	3817
133940510	3811
133928734	3808
131562260	3808
131606558	3805
133916190	3796
131974154	3787
134068498	3785
134113290	3785
200210234	3783
131993364	3759
131751700	3749
133804042	3748
131458058	3731
131479060	3715
134091294	3701
133954590	3678
131511050	3676
133705758	3655
131754506	3645
133886750	3641
133841162	3639
133870612	3639
133969418	3639
133869844	3620
131977264	3614
200157204	3604
131695390	3600
131631114	3598
133864212	3588
133794571	3583
133733140	3581
131553300	3570
134104340	3562
131670538	3558
200147474	3550
131461949	3539
133787402	3526
133967646	3519
131981854	3515
131530288	3511
133880842	3503
131721788	3486
131648522	3483
132011540	3452
131517726	3431
133834526	3402
133854996	3395
132027156	3388
133710878	3387
131693598	3369
131440688	3352
131446302	3349
131548170	3346
134106388	3345
131681566	3331
133851146	3326
133769738	3316
200176660	3315
200147978	3297
133781268	3291
132046346	3270
131432980	3256
131623690	3252
133745930	3240
134091038	3236
131745308	3228
133785630	3228
131749652	3222
133750538	3200
131756062	3200
133966602	3191
133776414	3175
131449108	3145
133808926	3137
133924382	3132
134195466	3125
134007316	3122
131512330	3120
133581373	3112
131488010	3110
132003614	3084
131550484	3080
133864734	3078
131759144	3073
131509002	3066
131489034	3054
134015764	3041
133740042	3037
133752330	3033
131694110	3026
133743114	3024
133759508	3017
200210224	3011
131995184	3006
132010260	3003
133988382	2977
133866526	2970
133999636	2967
131969812	2956
133909022	2954
133744670	2953
133845022	2947
200159498	2934
131497236	2933
133727242	2929
131669268	2925
134190090	2893
134131978	2875
132016926	2866
131539998	2854
131561994	2853
134130442	2853
133809684	2818
131559997	2817
131460649	2815
134093322	2808
134179604	2804
132010762	2787
131758908	2774
131693332	2763
131447050	2755
133737492	2755
133849374	2753
131567124	2751
131479316	2741
131485204	2736
133835284	2732
131660810	2704
132032532	2677
133975326	2653
131674378	2630
133804554	2611
131729950	2604
131608594	2602
133718292	2596
134040860	2595
134109460	2573
133918474	2571
133946378	2561
133904906	2530
131684362	2527
131735562	2524
131639818	2524
131756318	2517
133978654	2512
131618570	2510
131432990	2487
133924116	2482
133744404	2478
133693972	2474
131551498	2471
133970954	2459
133866260	2453
131724062	2451
133900318	2440
131558963	2409
131513108	2401
133936916	2392
131541534	2376
200208650	2376
200155156	2369
131717692	2327
133856030	2322
131566622	2320
133742346	2313
131694868	2310
134131998	2309
133931550	2294
131538196	2292
134145310	2290
134071826	2289
133945118	2287
131977531	2285
131486474	2279
131756574	2279
131677716	2264
131520788	2264
131987722	2250
134123038	2242
132047636	2239
131529234	2237
131691284	2236
133763594	2230
132031262	2227
133807134	2225
133758238	2218
200180273	2214
131740190	2208
131757598	2205
131753482	2196
133885214	2191
134187274	2191
134184468	2173
131526174	2163
131482910	2160
131972905	2156
132015114	2155
131958026	2154
133757972	2151
133808670	2148
134095902	2143
134143262	2138
134121492	2132
133966090	2131
133775114	2129
131745052	2128
133815562	2124
133809694	2105
133865246	2095
131462185	2087
131701268	2079
132008980	2077
131716658	2074
131979806	2074
131975230	2073
133982986	2068
133756170	2058
133761290	2054
131695380	2047
132051722	2040
131717416	2039
131448350	2037
134062866	2034
133915914	2034
131557171	2032
131750922	2024
134200074	2021
133926154	2014
133967370	2010
133591070	2007
133808414	2005
131707668	2005
131657226	2005
133812746	2002
133906974	2002
133703178	2002
131468848	2002
131685918	2001
131980810	2001
200197396	2000
131606036	1999
134002954	1999
133902858	1999
133794591	1998
131974932	1995
131749406	1993
134024990	1993
131739166	1992
131638794	1991
131638804	1990
132048926	1990
131680286	1990
131755540	1989
131686932	1987
133745940	1986
133731614	1984
131959316	1978
131972147	1975
131742218	1961
134129694	1952
200170260	1932
133833738	1923
133698836	1922
133875210	1918
133763338	1889
133909258	1889
131728906	1886
133837598	1881
131999754	1878
133899038	1877
133852190	1872
133583421	1869
133940500	1867
133821716	1867
134113300	1861
133751838	1833
131465482	1831
133966622	1828
131515166	1825
133965834	1823
133814548	1821
133721364	1817
133906954	1816
131560243	1814
133708830	1812
133759262	1812
133797407	1812
133904916	1811
131492372	1805
131699220	1801
131489300	1791
133749534	1790
131667486	1786
134155018	1782
133700628	1779
131969331	1775
133843988	1774
134114590	1770
133770782	1762
134123786	1755
133722634	1750
131990302	1740
134116116	1735
131446036	1732
133932298	1730
133717770	1720
133822996	1718
131499018	1714
133864222	1710
131522570	1706
131737364	1704
131703818	1695
134104596	1689
131639562	1679
133943316	1676
131696394	1674
134018846	1674
134096906	1672
133737994	1672
133853460	1669
133737226	1665
131733780	1664
131758632	1664
131746857	1664
133765918	1663
134182430	1661
133930782	1655
133874718	1654
131532080	1653
131677214	1652
134140702	1652
133760030	1652
133712916	1651
131569930	1650
131986955	1650
134031882	1649
200177940	1649
133707786	1647
131450122	1647
131697950	1647
134175764	1646
131633930	1646
133803550	1646
133752586	1645
131739678	1642
133721610	1642
134142996	1641
133823498	1639
133907230	1637
133976340	1637
133779220	1637
133579581	1636
133832478	1635
131701514	1633
133775892	1622
133862922	1619
133847572	1616
131541770	1616
133841172	1613
134129940	1612
133728532	1611
131974420	1610
133804830	1610
133848350	1608
131644446	1607
131600404	1605
132030986	1603
131482900	1601
131702558	1601
132025620	1596
133972244	1595
131985203	1588
131974410	1588
133585193	1583
131707678	1583
131600916	1582
133768478	1581
133894154	1580
131513866	1580
133906708	1580
133850122	1579
133756436	1575
200180016	1575
134116106	1575
133895454	1575
133769748	1575
131446558	1570
131681822	1570
200184348	1564
133894420	1564
131617554	1564
134011146	1562
131959582	1562
131664414	1561
133719326	1559
134009886	1558
134102282	1558
133863178	1558
133751818	1558
133891870	1557
133733652	1557
133708308	1557
131738122	1556
131675678	1556
131659796	1555
133700618	1555
134100500	1554
132007966	1554
131974942	1553
133974036	1549
134158110	1549
133940746	1549
133924372	1549
131977265	1547
131474962	1547
131462195	1543
133760286	1543
131555092	1542
131687434	1542
131622676	1538
133772298	1531
131699722	1526
131982397	1523
131749918	1522
131456778	1522
134202122	1519
133913886	1519
131488542	1518
133926922	1516
131639316	1513
131715900	1511
133921034	1507
133757982	1503
133903125	1492
133740052	1488
133706250	1488
131995934	1486
131575836	1486
133758750	1476
131975442	1471
133896222	1467
133914122	1463
133810718	1462
133971476	1460
131435028	1460
133944586	1457
134056220	1457
131993917	1456
131731476	1454
131970324	1449
131496202	1446
133936670	1442
134021396	1438
133770772	1438
133807370	1436
131706122	1436
131497226	1435
132044830	1435
131740426	1433
132042526	1433
132013834	1432
131544084	1432
133922836	1431
131605012	1430
131697428	1430
131545108	1425
131500554	1424
133769502	1424
133783060	1422
131489044	1422
131445770	1420
131630110	1420
133803038	1420
131703316	1419
131539230	1417
133842718	1413
134133514	1412
133772564	1410
133907978	1409
133718036	1408
133829130	1407
133806346	1406
131986236	1404
131487508	1404
131963146	1391
131445022	1390
131514910	1386
200157470	1385
133908254	1384
133761546	1383
132001300	1383
133858580	1382
133825300	1382
134001172	1381
131448074	1380
134185492	1380
133696522	1380
132035102	1378
131444510	1378
133944350	1378
134013460	1377
131979796	1375
134153994	1374
131637524	1371
132008212	1369
131647252	1367
133767434	1361
133770014	1358
131741716	1358
133894410	1355
131628830	1355
133941534	1354
133783828	1354
133870100	1352
133829662	1336
131448084	1335
131750932	1331
133810974	1326
131688212	1325
133907722	1325
133733386	1324
133784586	1320
134194462	1319
131557437	1316
133859850	1313
133994014	1299
131502110	1292
132016906	1284
133830676	1282
131639060	1279
131542302	1278
134123294	1278
133785620	1276
133776404	1271
134089748	1266
131632394	1265
134090004	1262
131957278	1261
131522324	1260
131958036	1259
131730718	1259
131504138	1257
132035860	1247
131964170	1246
133932554	1245
131980298	1243
133866762	1243
131701258	1239
133925140	1236
133815818	1235
133901086	1231
133911070	1225
134107658	1225
131552030	1215
131686922	1215
133827348	1214
134098442	1208
132036884	1198
133717780	1197
131623710	1196
134194954	1195
133770762	1191
133995274	1184
133977630	1181
133605434	1180
200172298	1179
134101790	1179
134025748	1179
134168074	1174
133772820	1170
133846804	1167
133889045	1157
134177290	1154
133925918	1153
131669012	1150
131974666	1148
131460126	1148
133758740	1139
131567636	1138
200177684	1135
133726484	1129
131703562	1126
133791509	1125
131684618	1122
133970462	1111
133712414	1111
131759154	1106
134099486	1106
133855252	1102
133914635	1102
131519754	1101
133929482	1096
133766686	1092
133763870	1088
133775626	1081
133841684	1080
131983922	1066
133991444	1058
131645726	1057
131711506	1056
134131486	1055
133790238	1055
131434526	1055
132031498	1051
134156308	1040
200204083	1039
133943070	1038
133983754	1027
133915678	1015
131753246	1011
133928990	1005
133912094	1002
133891604	976
131670558	975
133984788	974
133798686	974
131989534	968
200161054	966
133763102	960
133907988	960
133824276	959
131733259	947
131519518	944
131647508	930
133929738	924
133944084	923
131632926	923
134014218	904
133807114	898
131654410	895
134154260	886
134006282	873
131446046	872
131975229	858
133608249	836
133793035	804
133791252	803
131571998	803
133922314	790
133921566	777
133895946	777
134191636	777
131502858	715
133935636	698
131507486	695
133904158	695
134197534	651
131745319	643
131756554	641
133963786	636
133944852	629
134013726	622
133843210	620
131446292	562
133716766	543
131607828	541
133880862	540
131723305	430
131739934	390
131460669	383
131603978	289
200210736	288
